0300
0300
0300
0200
0010
0300
0300
0300
0200
0207
0500
0502
0207
0409
0414
0500
0208
0508
0209
0311
0010
0300
0300
0301
0200
0207
0404
0403
0207
0402
0212
0507
0511
0306
0513
0311
0207
0411
0415
0207
0304
0300
0305
0212
0507
0212
0304
0300
0304
0212
0402
0212
0304
0301
0303
0212
0301
0303
0301
0302
0311
0402
0211
0313
0301
0311
0207
0409
0406
0207
0208
0402
0215
0302
0213
0409
0414
0504
0208
0402
0215
0302
0211
0214
0301
0209
0209
0203
0300
0311
0402
0211
0313
0301
0311
0010
0300
0300
0302
0200
0207
0406
0409
0207
0311
0402
0313
0301
0306
0210
0409
0414
0504
0208
0402
0215
0302
0211
0214
0301
0209
0311
0207
0411
0415
0207
0304
0300
0305
0212
0402
0212
0304
0301
0303
0212
0301
0302
0300
0300
0212
0301
0301
0300
0300
0212
0301
0302
0300
0300
0212
0301
0301
0300
0304
0212
0305
0212
0307
0300
0303
0212
0307
0300
0301
0212
0304
0301
0303
0212
0010
0300
0300
0303
0200
0301
0302
0300
0302
0212
0301
0301
0300
0300
0212
0302
0212
0301
0300
0301
0302
0212
0301
0302
0301
0303
0212
0304
0301
0303
0212
0301
0300
0301
0302
0212
0304
0301
0303
0212
0305
0301
0302
0212
0301
0301
0300
0304
0212
0301
0212
0301
0303
0300
0300
0212
0306
0300
0305
0212
0309
0301
0302
0212
0302
0212
0301
0300
0300
0301
0212
0301
0300
0302
0212
0010
0300
0300
0304
0200
0301
0303
0300
0300
0212
0304
0300
0305
0212
0309
0301
0302
0212
0302
0212
0301
0300
0300
0301
0212
0301
0300
0302
0212
0301
0303
0300
0300
0212
0302
0301
0304
0212
0309
0301
0302
0212
0302
0212
0301
0300
0300
0301
0212
0301
0300
0302
0212
0301
0303
0300
0302
0212
0301
0305
0300
0307
0212
0301
0303
0300
0303
0212
0301
0305
0301
0305
0212
0010
0300
0300
0305
0200
0301
0303
0300
0304
0212
0307
0301
0305
0212
0304
0301
0302
0212
0301
0304
0300
0307
0212
0301
0304
0300
0302
0212
0303
0212
0301
0303
0300
0302
0212
0301
0305
0300
0301
0212
0301
0303
0300
0300
0212
0307
0301
0305
0212
0304
0301
0302
0212
0301
0304
0300
0306
0212
0301
0304
0300
0302
0212
0303
0212
0301
0301
0300
0308
0212
0303
0212
0010
0300
0300
0306
0200
0301
0300
0300
0309
0212
0301
0300
0212
0301
0304
0300
0303
0212
0303
0301
0305
0212
0301
0300
0300
0309
0212
0301
0303
0212
0301
0304
0300
0303
0212
0303
0301
0301
0212
0301
0300
0300
0309
0212
0307
0301
0305
0212
0301
0304
0300
0303
0212
0301
0305
0212
0301
0304
0301
0300
0212
0302
0300
0301
0212
0301
0304
0300
0302
0212
0301
0300
0305
0311
0010
0300
0300
0307
0200
0207
0411
0415
0207
0309
0301
0302
0212
0303
0300
0301
0212
0304
0301
0302
0212
0301
0304
0300
0307
0212
0301
0304
0300
0302
0212
0303
0212
0301
0300
0300
0300
0212
0301
0300
0301
0212
0301
0304
0300
0302
0212
0301
0301
0305
0212
0301
0304
0301
0300
0212
0301
0212
0301
0304
0300
0303
0212
0303
0212
0301
0304
0300
0302
0212
0302
0300
0305
0212
0010
0300
0300
0308
0200
0301
0300
0300
0301
0212
0301
0300
0301
0212
0301
0303
0300
0303
0212
0301
0301
0301
0212
0304
0301
0302
0212
0301
0304
0300
0307
0212
0301
0304
0300
0302
0212
0303
0212
0301
0303
0300
0303
0212
0304
0300
0304
0212
0304
0301
0302
0212
0301
0304
0300
0307
0212
0301
0304
0300
0302
0212
0303
0212
0301
0303
0300
0303
0212
0302
0300
0300
0212
0010
0300
0300
0309
0200
0304
0301
0302
0212
0301
0304
0300
0307
0212
0301
0304
0300
0302
0212
0303
0212
0301
0303
0300
0303
0212
0301
0301
0301
0212
0304
0301
0302
0212
0301
0304
0300
0307
0212
0301
0304
0300
0302
0212
0303
0212
0301
0303
0300
0303
0212
0304
0300
0304
0212
0304
0301
0302
0212
0301
0304
0300
0307
0212
0301
0304
0300
0302
0212
0303
0212
0010
0300
0301
0300
0200
0301
0304
0300
0302
0212
0304
0300
0307
0212
0301
0304
0301
0300
0212
0302
0300
0301
0212
0301
0304
0300
0302
0212
0200
0010
0301
0303
0301
0200
0501
0310
0311
0207
0411
0415
0207
0301
0304
0300
0306
0212
0305
0300
0302
0212
0301
0304
0300
0306
0212
0303
0301
0303
0212
0304
0300
0305
0212
0502
0212
0304
0301
0301
0212
0302
0300
0301
0212
0301
0304
0300
0306
0212
0302
0300
0300
0311
0010
0301
0303
0302
0200
0207
0411
0415
0207
0301
0304
0300
0306
0212
0304
0301
0304
0212
0301
0304
0300
0306
0212
0303
0301
0303
0212
0304
0300
0305
0212
0414
0414
0212
0304
0301
0301
0212
0303
0300
0300
0212
0301
0304
0300
0306
0212
0302
0300
0300
0311
0010
0301
0303
0303
0200
0207
0411
0415
0207
0301
0304
0300
0306
0212
0304
0300
0304
0212
0301
0304
0300
0306
0212
0303
0301
0303
0212
0304
0300
0305
0212
0404
0212
0304
0301
0301
0212
0301
0301
0212
0301
0304
0300
0306
0212
0302
0300
0300
0311
0010
0301
0303
0304
0200
0207
0411
0415
0207
0301
0304
0300
0306
0212
0305
0300
0308
0212
0301
0304
0300
0306
0212
0303
0301
0303
0212
0304
0300
0305
0212
0414
0502
0212
0304
0301
0301
0212
0301
0300
0309
0212
0301
0304
0300
0306
0212
0302
0300
0300
0311
0010
0301
0303
0305
0200
0207
0411
0415
0207
0301
0304
0300
0306
0212
0305
0300
0309
0212
0301
0304
0300
0306
0212
0303
0301
0303
0212
0304
0300
0305
0212
0414
0409
0212
0304
0301
0301
0212
0301
0300
0309
0212
0301
0304
0300
0306
0212
0302
0300
0300
0311
0010
0301
0303
0306
0200
0207
0411
0415
0207
0301
0304
0300
0306
0212
0301
0300
0311
0010
0301
0303
0307
0200
0207
0409
0406
0207
0504
0313
0301
0311
0207
0411
0415
0207
0301
0304
0300
0306
0212
0305
0300
0302
0212
0301
0304
0300
0306
0212
0304
0300
0305
0212
0301
0304
0300
0306
0212
0304
0300
0303
0212
0301
0304
0300
0306
0212
0303
0301
0303
0212
0304
0300
0305
0212
0403
0403
0212
0304
0301
0301
0212
0301
0300
0309
0212
0301
0304
0300
0306
0212
0302
0300
0300
0311
0010
0301
0303
0308
0200
0207
0411
0415
0207
0301
0304
0300
0306
0212
0304
0300
0309
0212
0301
0304
0300
0306
0212
0304
0301
0303
0212
0301
0304
0300
0306
0212
0304
0300
0303
0212
0301
0304
0300
0306
0212
0303
0301
0303
0212
0304
0300
0305
0212
0409
0409
0212
0304
0301
0301
0212
0301
0300
0309
0212
0301
0304
0300
0306
0212
0302
0300
0300
0311
0010
0301
0303
0309
0200
0207
0411
0415
0207
0301
0304
0300
0306
0212
0301
0300
0311
0207
0406
0409
0207
0311
0403
0311
0010
0301
0304
0300
0200
0405
0310
0311
0207
0405
0414
0301
0207
0311
0010
0301
0304
0301
0200
0203
0010
0301
0304
0302
0200
0010
0512
